6766764.161830635 10045097.794139175 13509336.38007058 16459649.390395278 18168281.998845216 18168281.998845216 16459649.390395278 13509336.380070582 10045097.794139175 6766764.161830635
10045097.794139175 14911704.809071077 20054283.232921038 24433951.56526841 26970375.361881327 26970375.361881327 24433951.565268412 20054283.232921045 14911704.80907108 10045097.794139175
13509336.38007058 20054283.232921038 26970375.361881327 32860453.68141189 36271610.344401464 36271610.344401464 32860453.68141189 26970375.361881338 20054283.232921045 13509336.38007058
16459649.390395278 24433951.56526841 32860453.68141189 40036870.14584041 44192991.59465917 44192991.59465917 40036870.14584041 32860453.6814119 24433951.565268412 16459649.390395278
18168281.998845216 26970375.361881327 36271610.344401464 44192991.59465917 48780549.0032423 48780549.0032423 44192991.59465917 36271610.344401464 26970375.361881338 18168281.998845216
18168281.998845216 26970375.361881327 36271610.344401464 44192991.59465917 48780549.0032423 48780549.0032423 44192991.59465917 36271610.344401464 26970375.361881338 18168281.998845216
16459649.390395278 24433951.565268412 32860453.68141189 40036870.14584041 44192991.59465917 44192991.59465917 40036870.14584041 32860453.6814119 24433951.565268416 16459649.390395278
13509336.380070582 20054283.232921045 26970375.361881338 32860453.6814119 36271610.344401464 36271610.344401464 32860453.6814119 26970375.36188134 20054283.232921045 13509336.380070582
10045097.794139175 14911704.80907108 20054283.232921045 24433951.565268412 26970375.361881338 26970375.361881338 24433951.565268416 20054283.232921045 14911704.809071083 10045097.794139175
6766764.161830635 10045097.794139175 13509336.38007058 16459649.390395278 18168281.998845216 18168281.998845216 16459649.390395278 13509336.380070582 10045097.794139175 6766764.161830635
